"Group.1" "Site#" "PlantNum" "Lat" "Long" "DistanceFromCityCenter (KM)" "Date Visited" "long horned beetle (Typocerius velutinus)" "monarchB (Danaus plexippus)" "european skipper (Thymelicus lineola)" "small arrow shaped brown moth (Lepidoptera spp.)" "lobed moth (Lepidoptera spp.)" "brown plume moth (Geina periscelidactylus)" "orange beetle (Rhagoycha fulva)" "sweat bees (Halictidae sp.)" "Xylocopinae sp." "Hylaeus spp." "Anthophorinae spp." "Colletes spp." "leaf cutter bees (Megachile sp.)" "moths" "skippers (Hesperiidae sp.)" "butterflies" "lepidoptera" "bombus sp." "..25" "abundance all sp." "..27" "abundance of bees" "..29" "small_pollinators" "medium_pollinators" "large_pollinators" "..33" "small_bees" "medium_bees" "large_bees" "..37" "diversity all groups (bee families + other spp.)" "diversity bee families" "..40" "flower buds" "flowering" "finished flowering" "total" "..45" "Apis mellifera (Large)"
"1" "ASO02" NA NA 43.550225 -79.654062 15.5088606220913 2019-07-06 20:00:00 0 0 0 0 0 0 0 0 0 0 0 0 0 0 0 0 0 1 NA 1.66666666666667 NA 1.66666666666667 NA 0 1 0.666666666666667 NA 0 1 0.666666666666667 NA 0.666666666666667 0.666666666666667 NA NA NA NA NA NA 0.666666666666667
"2" "ASO03" NA NA 43.565106 -79.671002 15.8221327386473 2019-07-11 20:00:00 0 0 0 0 0 0 0 0 0 0 0 0 0.333333333333333 0 0 0 0 0 NA 0.666666666666667 NA 0.666666666666667 NA 0 0.333333333333333 0.333333333333333 NA 0 0.333333333333333 0.333333333333333 NA 0.666666666666667 0.666666666666667 NA NA NA NA NA NA 0.333333333333333
"3" "ASO07" NA NA 43.566504 -79.680149 16.2054768337702 2019-07-11 20:00:00 0 0 1 0 0 0.333333333333333 0 4.66666666666667 0 0 0 0 0 0.333333333333333 1 1 1.33333333333333 0 NA 6.33333333333333 NA 4.66666666666667 NA 5 1 0 NA 4.66666666666667 0 0 NA 1.33333333333333 0.333333333333333 NA NA NA NA NA NA 0
"4" "ASO12" NA NA 43.492717 -79.748081 21.577728391434 2019-07-08 20:00:00 0 0 0 0 0 0 0 0.666666666666667 0 0 0 0 0 0 0 0 0 0 NA 1 NA 1 NA 0.666666666666667 0 0.333333333333333 NA 0.666666666666667 0 0.333333333333333 NA 0.666666666666667 0.666666666666667 NA NA NA NA NA NA 0.333333333333333
"5" "ASO14" NA NA 43.438669 -79.780878 25.0474462635369 2019-07-08 20:00:00 0 0 0 0 0 0 0 0 0 0 0 0 0 0 0 0 0 0 NA 2.66666666666667 NA 2.66666666666667 NA 0 0 2.66666666666667 NA 0 0 2.66666666666667 NA 0.666666666666667 0.666666666666667 NA NA NA NA NA NA 2.66666666666667
"6" "ASO20" NA NA 43.433302 -79.902403 30.3243247987169 2019-07-02 20:00:00 0 0 0 0 0 0 0 3 0 0 0 0 0 0 0 0 0 0 NA 3.33333333333333 NA 3.33333333333333 NA 3 0 0.333333333333333 NA 3 0 0.333333333333333 NA 1.33333333333333 1.33333333333333 NA NA NA NA NA NA 0.333333333333333
"7" "ASO21" NA NA 43.457451 -79.866815 27.9422486668424 2019-07-14 20:00:00 0 0 0 0 0 0 0 0 0 0 0 0 0 0 0 0 0 0 NA 0.333333333333333 NA 0.333333333333333 NA 0 0 0.333333333333333 NA 0 0 0.333333333333333 NA 0.333333333333333 0.333333333333333 NA NA NA NA NA NA 0.333333333333333
"8" "ASO22" NA NA 43.516263 -79.77922 22.1593057595099 2019-07-08 20:00:00 0 0 0 0 0 0 0 1 0 3.66666666666667 0 0 0 0 0 0 0 0 NA 4.66666666666667 NA 4.66666666666667 NA 4.66666666666667 0 0 NA 4.66666666666667 0 0 NA 1 1 NA NA NA NA NA NA 0
"9" "ASO24" NA NA 43.589594 -79.638468 13.6826825067924 2019-07-11 20:00:00 0 0 0 0 0 0 0 0 0 0 0 0 0 0 0 0 0 0 NA 0 NA 0 NA 0 0 0 NA 0 0 0 NA 0 0 NA NA NA NA NA NA 0
"10" "ASO25" NA NA 43.534585 -79.645432 15.683308388216 2019-07-06 20:00:00 0 0 0 0 0 0 0 0 0.333333333333333 0 0 0 0 0 0 0 0 0.666666666666667 NA 1 NA 1 NA 0 1 0 NA 0 1 0 NA 0.666666666666667 0.666666666666667 NA NA NA NA NA NA 0
"11" "ASO28" NA NA 43.661177 -79.500382 5.98168722554714 2019-07-04 20:00:00 0 0 0 0 0 0 0 0.666666666666667 0 0 0 0 0.333333333333333 0 0 0 0 0 NA 1 NA 1 NA 0.666666666666667 0.333333333333333 0 NA 0.666666666666667 0.333333333333333 0 NA 1 1 NA NA NA NA NA NA 0
"12" "ASO29" NA NA 43.711948 -79.535894 8.64526628293632 2019-07-07 20:00:00 0 0.333333333333333 0 0 0 0 0 0 0 0 0 0 0 0 0 0.333333333333333 0.333333333333333 0 NA 0.333333333333333 NA 0 NA 0 0 0.333333333333333 NA 0 0 0 NA 0.333333333333333 0 NA NA NA NA NA NA 0
"13" "ASO31" NA NA 43.484111 -79.837702 25.7779141577275 2019-07-08 20:00:00 0 0 0 0 0 0 1.33333333333333 1.66666666666667 0 0 0 0 0 0 0 0 0 0 NA 4 NA 2.66666666666667 NA 3 0 1 NA 1.66666666666667 0 1 NA 1.66666666666667 1.33333333333333 NA NA NA NA NA NA 1
"14" "ASO32" NA NA 43.41401 -79.953028 33.1895204401625 2019-07-14 20:00:00 0.666666666666667 0 0 0 0 0 0 0 0 0 0.666666666666667 0.666666666666667 0.333333333333333 0 0 0 0 0 NA 6 NA 5.33333333333333 NA 2 1 3 NA 2 1 2.33333333333333 NA 2.66666666666667 2 NA NA NA NA NA NA 2.33333333333333
"15" "ASO33" NA NA 43.387612 -79.959232 34.4124749387921 2019-07-14 20:00:00 0 0 0 0 0 0 1 0.666666666666667 0 0 0 0 0 0 0 0 0 0 NA 2 NA 1 NA 1.66666666666667 0 0.333333333333333 NA 0.666666666666667 0 0.333333333333333 NA 1 0.666666666666667 NA NA NA NA NA NA 0.333333333333333
"16" "ASO34" NA NA 43.399222 -79.930576 32.7688295988082 2019-07-14 20:00:00 0 0 1 0 0 0 1.66666666666667 0 0 0 0 0 0 0 1 1 1 0 NA 2.66666666666667 NA 0 NA 1.66666666666667 1 0 NA 0 0 0 NA 1.33333333333333 0 NA NA NA NA NA NA 0
"17" "ASO35" NA NA 43.377146 -79.973861 35.4225076193979 2019-07-14 20:00:00 0 0 0 0 0 0.333333333333333 1.66666666666667 0 0 0 0 0 0 0.333333333333333 0 0 0.333333333333333 0 NA 2.33333333333333 NA 0.333333333333333 NA 2 0 0.333333333333333 NA 0 0 0.333333333333333 NA 1.33333333333333 0.333333333333333 NA NA NA NA NA NA 0.333333333333333
"18" "ASO36" NA NA 43.371308 -79.981819 35.9780060453499 2019-07-14 20:00:00 0 0 0 0.666666666666667 0 0.333333333333333 4.33333333333333 0 0 0 0 0 0 1 0 0 1 0 NA 5.33333333333333 NA 0 NA 5.33333333333333 0 0 NA 0 0 0 NA 1 0 NA NA NA NA NA NA 0
"19" "ASO39" NA NA 43.719453 -79.445163 5.41580149114387 2019-07-07 20:00:00 0 0.333333333333333 0.333333333333333 0 0 0 0 0.333333333333333 0 0 0 0 0.333333333333333 0 0.333333333333333 0.666666666666667 0.666666666666667 0 NA 1.66666666666667 NA 1 NA 0.333333333333333 0.666666666666667 0.666666666666667 NA 0.333333333333333 0.333333333333333 0.333333333333333 NA 1.66666666666667 1 NA NA NA NA NA NA 0.333333333333333
"20" "ASO41" NA NA 43.713472 -79.463271 5.70318253248356 2019-07-07 20:00:00 0 0 0 0 0 0 0 0 0 0 0 0 0 0 0 0 0 0 NA 0 NA 0 NA 0 0 0 NA 0 0 0 NA 0 0 NA NA NA NA NA NA 0
"21" "ASO42" NA NA 43.713584 -79.475768 6.17387695480906 2019-07-07 20:00:00 0 0 1 0 0 0 0 0.666666666666667 0 0 0 0.333333333333333 0.666666666666667 0 1 1 1 0 NA 2.66666666666667 NA 1.66666666666667 NA 1 1.66666666666667 0 NA 1 0.666666666666667 0 NA 1.66666666666667 1 NA NA NA NA NA NA 0
"22" "ASO43" NA NA 43.71387 -79.505919 7.40431364593897 2019-07-07 20:00:00 0 0 0 0 0 0 0 0.333333333333333 0 0.333333333333333 0 0 0.333333333333333 0 0 0 0 0 NA 1.66666666666667 NA 1.66666666666667 NA 0.666666666666667 0.333333333333333 0.666666666666667 NA 0.666666666666667 0.333333333333333 0.333333333333333 NA 1.33333333333333 1.33333333333333 NA NA NA NA NA NA 0.333333333333333
"23" "ASO44" NA NA 43.713092 -79.515599 7.78947908819235 2019-07-07 20:00:00 0 0 0 0 0 0 0.666666666666667 1 0 0.666666666666667 0 0 0.333333333333333 0 0 0 0 0 NA 2.66666666666667 NA 2 NA 2 0.666666666666667 0 NA 1.33333333333333 0.666666666666667 0 NA 2 1.66666666666667 NA NA NA NA NA NA 0
"24" "ASO46" NA NA 43.358912 -80.043033 39.0285053574663 2019-07-09 20:00:00 0 0.333333333333333 0 0 0 0 0 0 0 0 0 0 0 0 0 0.333333333333333 0.333333333333333 0 NA 1.66666666666667 NA 1.33333333333333 NA 0 0 1.66666666666667 NA 0 0 1.33333333333333 NA 1.33333333333333 1 NA NA NA NA NA NA 1.33333333333333
"25" "ASO47" NA NA 43.357422 -80.052572 39.4897938004786 2019-07-09 20:00:00 0 0 0 0 0 0 0 0.333333333333333 0 0 0 0 0 0 0 0 0 0 NA 6 NA 6 NA 0.333333333333333 0 5.66666666666667 NA 0.333333333333333 0 5.66666666666667 NA 1.33333333333333 1.33333333333333 NA NA NA NA NA NA 5.66666666666667
"26" "ASO48" NA NA 43.349551 -80.098407 41.740484523884 2019-07-09 20:00:00 0 0 0 0 0 0 3 0 0 0 0.5 0 0 0 0 0 0 0 NA 4.5 NA 0.5 NA 3 0.5 0 NA 0 0.5 0 NA 1 0.5 NA NA NA NA NA NA 0
"27" "ASO49" NA NA 43.321018 -80.049313 40.7353629616238 2019-07-09 20:00:00 0 0 0 0 0 0 0 0.666666666666667 0 0 0 0 0 0 0 0 0 0 NA 2.66666666666667 NA 1.66666666666667 NA 0.666666666666667 0.333333333333333 0.666666666666667 NA 0.666666666666667 0.333333333333333 0.666666666666667 NA 1 1 NA NA NA NA NA NA 0.666666666666667
"28" "ASO50" NA NA 43.702158 -79.543737 8.73115298276396 2019-07-15 20:00:00 0 0 0 0 0 0 0 0 0 0 0 0 0.333333333333333 0 0 0 0 0 NA 0.666666666666667 NA 0.666666666666667 NA 0 0.333333333333333 0.333333333333333 NA 0 0.333333333333333 0.333333333333333 NA 0.666666666666667 0.666666666666667 NA NA NA NA NA NA 0.333333333333333
"29" "ASO51" NA NA 43.701032 -79.549473 8.97185606974847 2019-07-15 20:00:00 0 0 0 0 0 0 0 1.66666666666667 0 0 0 0 0.666666666666667 0 0 0 0 0 NA 2.33333333333333 NA 2.33333333333333 NA 1.66666666666667 0.666666666666667 0 NA 1.66666666666667 0.666666666666667 0 NA 1.66666666666667 1.66666666666667 NA NA NA NA NA NA 0
"30" "ASO52" NA NA 43.701432 -79.56251 9.59502524622725 2019-07-15 20:00:00 0 0 0.666666666666667 0 0.333333333333333 0 0 0.666666666666667 0 0 0.333333333333333 0 0 0.333333333333333 0.666666666666667 0.666666666666667 1 0 NA 2 NA 1 NA 0.666666666666667 1.33333333333333 0 NA 0.666666666666667 0.333333333333333 0 NA 1.66666666666667 1 NA NA NA NA NA NA 0
"31" "ASO53" NA NA 43.690086 -79.572325 9.84643453718167 2019-07-15 20:00:00 0 0 0 0 0 0 0 0 0 0 0 0 0 0 0 0 0 0 NA 0 NA 0 NA 0 0 0 NA 0 0 0 NA 0 0 NA NA NA NA NA NA 0
"32" "ASO54" NA NA 43.675131 -79.571575 9.6180329509527 2019-07-15 20:00:00 0 0 0 0 0 0 0 0 0 0 0 0 0 0 0 0 0 0 NA 0 NA 0 NA 0 0 0 NA 0 0 0 NA 0 0 NA NA NA NA NA NA 0
"33" "ASO55" NA NA 43.675131 -79.571575 9.6180329509527 2019-07-15 20:00:00 0 0 0 0 0 0 0 0 0 0 0 0 0 0 0 0 0 0 NA 0 NA 0 NA 0 0 0 NA 0 0 0 NA 0 0 NA NA NA NA NA NA 0
"34" "ASO57" NA NA 43.330042 -79.995566 38.1764909938763 2019-07-09 20:00:00 0 0 0 0 0 0 0 0 0 0 0 0 0 0 0 0 0 0 NA 0 NA 0 NA 0 0 0 NA 0 0 0 NA 0 0 NA NA NA NA NA NA 0
"35" "ASO59" NA NA 43.343046 -79.959704 36.1943344291292 2019-07-09 20:00:00 0 0 0 0 0 0 0 0.666666666666667 0 0 0 0 0.333333333333333 0 0 0 0 0 NA 1.33333333333333 NA 1.33333333333333 NA 0.666666666666667 0.333333333333333 0.333333333333333 NA 0.666666666666667 0.333333333333333 0.333333333333333 NA 1 1 NA NA NA NA NA NA 0.333333333333333
"36" "ASO60" NA NA 43.519441 -79.750471 20.7731137665657 2019-07-14 20:00:00 0 0 0 0 0 0 1.66666666666667 0 0 0 0 0 0 0 0 0 0 0 NA 2.33333333333333 NA 0.666666666666667 NA 1.66666666666667 0 0.666666666666667 NA 0 0 0.666666666666667 NA 1 0.666666666666667 NA NA NA NA NA NA 0.666666666666667
"37" "ASO62" NA NA 43.534939 -79.732912 19.5089979545051 2019-07-06 20:00:00 0 0 0 0 0 0 0 0 0 0.333333333333333 0 0 0 0 0 0 0 0 NA 0.666666666666667 NA 0.666666666666667 NA 0.333333333333333 0 0.333333333333333 NA 0.333333333333333 0 0.333333333333333 NA 0.666666666666667 0.666666666666667 NA NA NA NA NA NA 0.333333333333333
"38" "ASO63" NA NA 43.535065 -79.721652 18.9979721989053 2019-07-08 20:00:00 0 0 0 0 0 0 1 1 0 0 0 0 0 0 0 0 0 0 NA 2 NA 1 NA 2 0 0 NA 1 0 0 NA 1.66666666666667 0.666666666666667 NA NA NA NA NA NA 0
"39" "ASO64" NA NA 43.669676 -79.422881 2.29191324926526 2019-07-03 20:00:00 0 0 0 0 0 0 0 0.333333333333333 0 0 0 0 0 0 0 0 0 0 NA 0.666666666666667 NA 0.666666666666667 NA 0.333333333333333 0 0.333333333333333 NA 0.333333333333333 0 0.333333333333333 NA 0.666666666666667 0.666666666666667 NA NA NA NA NA NA 0.333333333333333
"40" "ASO65" NA NA 43.680726 -79.411251 2.26766679694897 2019-07-03 20:00:00 0 0 0 0 0 0 0 0 0 0 0 0 0 0 0 0 0 0 NA 0.5 NA 0.5 NA 0 0 0.5 NA 0 0 0.5 NA 0.5 0.5 NA NA NA NA NA NA 0.5
"41" "ASO69" NA NA 43.671068 -79.452408 3.7162386032684 2019-07-03 20:00:00 0 0 0 0 0 0 0 0 0 0 0 0.333333333333333 0 0 0 0 0 0 NA 0.666666666666667 NA 0.666666666666667 NA 0.333333333333333 0 0.333333333333333 NA 0.333333333333333 0 0.333333333333333 NA 0.666666666666667 0.666666666666667 NA NA NA NA NA NA 0.333333333333333
"42" "ASO70" NA NA 43.67024 -79.462135 4.17239957825646 2019-07-03 20:00:00 0 0.333333333333333 0 0 0 0 0 0.333333333333333 0 0 0 0 0 0 0 0.333333333333333 0.333333333333333 0 NA 0.666666666666667 NA 0.333333333333333 NA 0.333333333333333 0 0.333333333333333 NA 0.333333333333333 0 0 NA 0.666666666666667 0.333333333333333 NA NA NA NA NA NA 0
"43" "ASO72" NA NA 43.670454 -79.482484 5.17021468207944 2019-07-04 20:00:00 0 0 0 0 0 0 0 3.33333333333333 0 0 0 0 1.33333333333333 0 0 0 0 0 NA 5.66666666666667 NA 5.66666666666667 NA 3.33333333333333 1.33333333333333 1 NA 3.33333333333333 1.33333333333333 1 NA 2.33333333333333 2.33333333333333 NA NA NA NA NA NA 1
"44" "ASO73" NA NA 43.646988 -79.583587 10.1531448043629 2019-07-15 20:00:00 0 0 0 0 0 0 0 0 0 0 0 0 0 0 0 0 0 0 NA 0 NA 0 NA 0 0 0 NA 0 0 0 NA 0 0 NA NA NA NA NA NA 0
"45" "ASO74" NA NA 43.654607 -79.607519 11.3289432550425 2019-07-15 20:00:00 0 0 0 0 0 0 0 0 0 0 0 0 0 0 0 0 0 0 NA 0 NA 0 NA 0 0 0 NA 0 0 0 NA 0 0 NA NA NA NA NA NA 0
"46" "ASO75" NA NA 43.651476 -79.617876 11.8511079172727 2019-07-17 20:00:00 0.333333333333333 0 0 0 0 0 1.66666666666667 0.333333333333333 0 0 0 0 0.666666666666667 0 0 0 0 0 NA 3 NA 1 NA 2 0.666666666666667 0.333333333333333 NA 0.333333333333333 0.666666666666667 0 NA 1.66666666666667 1 NA NA NA NA NA NA 0
"47" "ASO77" NA NA 43.628807 -79.652009 13.6879636799056 2019-07-17 20:00:00 0 0 0 0 0 0 0 0 0 0 0 0 0.333333333333333 0 0 0 0 0 NA 0.333333333333333 NA 0.333333333333333 NA 0 0.333333333333333 0 NA 0 0.333333333333333 0 NA 0.333333333333333 0.333333333333333 NA NA NA NA NA NA 0
"48" "ASO79" NA NA 43.618104 -79.701542 16.2493752452436 2019-07-17 20:00:00 0.333333333333333 0 0 0 0 0 0 0 0 0 0 0 0 0 0 0 0 0 NA 0.666666666666667 NA 0 NA 0 0 0.666666666666667 NA 0 0 0 NA 0.333333333333333 0 NA NA NA NA NA NA 0
"49" "ASO80" NA NA 43.613475 -79.705867 16.5177463329075 2019-07-17 20:00:00 0 0 0 0 0 0 0 1.66666666666667 0 0 0 0 1 0 0 0 0 0 NA 3 NA 3 NA 2 1 0 NA 2 1 0 NA 1.66666666666667 1.66666666666667 NA NA NA NA NA NA 0
"50" "ASO81" NA NA 43.595802 -79.719547 17.4454325427601 2019-07-17 20:00:00 0 0 0 0 0 0 1 1.33333333333333 0 0 0 0 0 0 0 0 0 0 NA 2.33333333333333 NA 1.33333333333333 NA 2.33333333333333 0 0 NA 1.33333333333333 0 0 NA 1.33333333333333 0.666666666666667 NA NA NA NA NA NA 0
"51" "ASO82" NA NA 43.553597 -79.699608 17.4536305254346 2019-07-06 20:00:00 0 0 0 0 0 0 0 0 0 1 0 0 0 0 0 0 0 0 NA 1 NA 1 NA 1 0 0 NA 1 0 0 NA 1 1 NA NA NA NA NA NA 0
"52" "ASO83" NA NA 43.571026 -79.733337 18.5891617930825 2019-07-08 20:00:00 0 0 0 0 0 0 0 0.333333333333333 0.333333333333333 0 0 0 1 0 0 0 0 0.333333333333333 NA 2 NA 2 NA 0.333333333333333 1.33333333333333 0.333333333333333 NA 0.333333333333333 1.33333333333333 0.333333333333333 NA 1.66666666666667 1.66666666666667 NA NA NA NA NA NA 0
"53" "ASO84" NA NA 43.564655 -79.720469 18.1297290418608 2019-07-08 20:00:00 0 0 0 0 0 0 0 0 0 0 0 0 0 0 0 0 0 0 NA 0 NA 0 NA 0 0 0 NA 0 0 0 NA 0 0 NA NA NA NA NA NA 0
"54" "ASO85" NA NA 43.5789 -79.713398 17.4708103205397 2019-07-17 20:00:00 0 0 0 0 0 0 0 0.333333333333333 0 0 0 0.333333333333333 0.333333333333333 0 0 0 0 0 NA 1 NA 1 NA 0.666666666666667 0.333333333333333 0 NA 0.666666666666667 0.333333333333333 0 NA 1 1 NA NA NA NA NA NA 0
"55" "ASO86" NA NA 43.554564 -79.756834 20.0793793228856 2019-07-08 20:00:00 0 0 0 0 0 0 0 0 0 0 0 0 1.33333333333333 0 0 0 0 0 NA 2.33333333333333 NA 2.33333333333333 NA 0 1.33333333333333 1 NA 0 1.33333333333333 0.666666666666667 NA 1 1 NA NA NA NA NA NA 0.666666666666667
"56" "ASO87" NA NA 43.568721 -79.651832 14.8434190713954 2019-07-11 20:00:00 0 0 0 0 0 0 0 0 0 0 0 0 0 0 0 0 0 0 NA 0 NA 0 NA 0 0 0 NA 0 0 0 NA 0 0 NA NA NA NA NA NA 0
"57" "ASO88" NA NA 43.573691 -79.63648 14.0016779748022 2019-07-11 20:00:00 0 0 0 0 0 0 0 0.5 0 0 0 0 0 0 0 0 0 0 NA 0.5 NA 0.5 NA 0.5 0 0 NA 0.5 0 0 NA 0.5 0.5 NA NA NA NA NA NA 0
"58" "ASO92" NA NA 43.601609 -79.583684 10.8230866871189 2019-07-04 20:00:00 0 0 0 0 0 0 0 1.33333333333333 0 0 0 0.333333333333333 0.666666666666667 0 0 0 0 0 NA 2.33333333333333 NA 2.33333333333333 NA 1.66666666666667 0.666666666666667 0 NA 1.66666666666667 0.666666666666667 0 NA 1.33333333333333 1.33333333333333 NA NA NA NA NA NA 0
